59,35
10,141
10,307
10,181
10,67
10,275
10,137
10,2
10,3
9,7
9,5
8,11
8,4
8,6
8,3
52,3
52,2
52,1
52,0
51,3
51,2
51,1
51,0
50,4
50,3
50,2
50,1
50,0
49,4
49,3
49,2
49,1
49,0
27,3
27,2
27,1
27,0
20,3
20,2
20,1
19,3
19,2
19,1
12,3
12,2
12,1
11,27
11,26
11,25
11,24
11,23
11,22
11,21
11,20
11,19
11,18
11,17
11,16
11,15
11,14
11,13
11,12
11,11
11,10
11,9
11,8
11,7
11,6
11,5
11,4
11,3
11,2
11,1
10,309
10,308
10,306
10,304
10,303
10,301
18,1
10,299
18,3
10,292
10,256
10,252
14,1
10,232
14,3
10,166
13,1
10,1
